2 0.46171875 0.4515625 0.09375 0.03125
3 0.4484375 0.4953125 0.01796875 0.0125
3 0.625 0.58828125 0.00859375 0.0140625
3 0.63671875 0.70078125 0.0140625 0.01875
3 0.5765625 0.66015625 0.0296875 0.02578125
4 0.5078125 0.6375 0.09375 0.06796875
4 0.55 0.53046875 0.16484375 0.078125
4 0.5984375 0.67265625 0.0734375 0.0921875
4 0.5140625 0.790625 0.03515625 0.0640625
4 0.42109375 0.62890625 0.0453125 0.08828125
4 0.671875 0.6171875 0.06328125 0.046875
4 0.59453125 0.75625 0.11796875 0.07265625
4 0.43359375 0.53046875 0.059375 0.05234375
4 0.321875 0.6625 0.09765625 0.14609375
5 0.67265625 0.8734375 0.09453125 0.1421875
3 0.746875 0.77734375 0.015625 0.00859375