2 0.5 0.53515625 1 0.92890625
4 0.85 0.7265625 0.1875 0.25390625
4 0.2546875 0.87890625 0.50859375 0.24140625
4 0.621875 0.7328125 0.2765625 0.25
4 0.240625 0.5625 0.47109375 0.3609375
4 0.2203125 0.2421875 0.4375 0.2828125
4 0.56640625 0.4953125 0.14921875 0.2375
4 0.74609375 0.534375 0.18984375 0.14765625
4 0.59375 0.0546875 0.265625 0.03515625
1 0.375 0.97109375 0.30625 0.0578125
1 0.08203125 0.9234375 0.0765625 0.153125
1 0.475 0.54296875 0.309375 0.20703125
1 0.29453125 0.36171875 0.1671875 0.15234375