3 0.6265625 0.5875 0.028125 0.015625
3 0.63671875 0.7015625 0.01953125 0.0140625
4 0.4703125 0.45234375 0.07890625 0.0296875
4 0.51171875 0.5359375 0.090625 0.05859375
4 0.62109375 0.56953125 0.11015625 0.090625
4 0.50546875 0.6359375 0.075 0.05859375
4 0.58984375 0.66953125 0.07890625 0.08671875
4 0.5625 0.75234375 0.06640625 0.04375
4 0.5265625 0.81171875 0.103125 0.10625
4 0.32734375 0.66796875 0.0875 0.0953125
4 0.42578125 0.62890625 0.06640625 0.10390625
2 0.63203125 0.69921875 0.7359375 0.6015625