0 0.478125 0.49921875 0.059375 0.9984375
0 0.50078125 0.79375 0.96796875 0.07109375
0 0.25546875 0.475 0.5109375 0.10625
0 0.49296875 0.87421875 0.98359375 0.228125
0 0.6296875 0.51484375 0.059375 0.9640625
0 0.20625 0.9171875 0.409375 0.05703125
0 0.82265625 0.4171875 0.340625 0.15703125
0 0.49375 0.5140625 0.9765625 0.059375
0 0.47578125 0.1 0.053125 0.19375
0 0.165625 0.41328125 0.3265625 0.07265625
0 0.484375 0.23046875 0.028125 0.4046875
0 0.6796875 0.41328125 0.178125 0.08671875
0 0.153125 0.803125 0.30625 0.05625