3 0.7984375 0.41875 0.02265625 0.0140625
3 0.7171875 0.61484375 0.009375 0.00859375
3 0.74375 0.6765625 0.015625 0.015625
3 0.7890625 0.65859375 0.015625 0.0125
3 0.68671875 0.828125 0.02265625 0.00859375
3 0.67265625 0.86484375 0.0125 0.0171875
3 0.646875 0.87890625 0.00859375 0.02265625
3 0.06953125 0.26640625 0.015625 0.0125
3 0.05546875 0.296875 0.02109375 0.01171875
3 0.2546875 0.32890625 0.0625 0.01875
3 0.753125 0.32421875 0.03125 0.0171875
3 0.71796875 0.39453125 0.025 0.02109375
4 0.4765625 0.53359375 0.04375 0.078125