0 0.46875 0.6125 0.02109375 0.01953125
0 0.515625 0.77421875 0.05546875 0.0796875
0 0.478125 0.55 0.015625 0.01953125
0 0.44921875 0.43359375 0.0140625 0.015625
0 0.45703125 0.46484375 0.015625 0.015625
0 0.421875 0.40703125 0.0125 0.01015625
0 0.41015625 0.36328125 0.00703125 0.0171875
0 0.4125 0.28046875 0.0140625 0.0328125
0 0.390625 0.2953125 0.00703125 0.0140625
0 0.37734375 0.21328125 0.0125 0.028125
0 0.375 0.13828125 0.0109375 0.0125
0 0.38203125 0.17109375 0.009375 0.00703125
0 0.3671875 0.09609375 0.0109375 0.02421875
0 0.34375 0.0171875 0.0296875 0.028125
0 0.34453125 0.078125 0.00703125 0.01953125