3 0.371875 0.36328125 0.0265625 0.03125
3 0.38984375 0.6125 0.01953125 0.02265625
3 0.50859375 0.45 0.05390625 0.0484375
3 0.13203125 0.19921875 0.0125 0.01171875
3 0.7890625 0.81640625 0.01640625 0.0140625
4 0.75703125 0.89140625 0.13203125 0.04140625
4 0.62265625 0.71484375 0.24140625 0.140625
4 0.6515625 0.49375 0.21953125 0.140625
4 0.40703125 0.39140625 0.28515625 0.3734375
4 0.61796875 0.14375 0.153125 0.26953125
4 0.69921875 0.36640625 0.21875 0.11640625
4 0.853125 0.525 0.1234375 0.18046875
4 0.39609375 0.65234375 0.203125 0.14609375
4 0.3140625 0.7640625 0.03984375 0.028125
5 0.13515625 0.19140625 0.0796875 0.08828125
5 0.21171875 0.484375 0.0953125 0.065625
5 0.8109375 0.7421875 0.1203125 0.10625