3 0.6109375 0.39453125 0.01640625 0.02421875
3 0.63359375 0.640625 0.01953125 0.0171875
3 0.2125 0.18515625 0.015625 0.01015625
3 0.5015625 0.55234375 0.0453125 0.04296875
4 0.35390625 0.49921875 0.22421875 0.14609375
3 0.87109375 0.80546875 0.0140625 0.01953125
4 0.24296875 0.09140625 0.16484375 0.07265625
4 0.3140625 0.27734375 0.38359375 0.1578125
5 0.15 0.48671875 0.10078125 0.21171875
4 0.60390625 0.58984375 0.3125 0.2984375
4 0.60546875 0.35859375 0.21015625 0.171875
4 0.3796875 0.809375 0.153125 0.18203125
4 0.51171875 0.1109375 0.17578125 0.121875