2 0.6635687359375 1 0.6635687359375 0.009943181249999999 0.0317604765625 0.009943181249999999 0.0317604765625 1 0.6635687359375 1
2 0.8328125 0.60078125 0.328125 0.7984375
4 0.19375 0.68359375 0.22421875 0.378125
4 0.3109375 0.05546875 0.08359375 0.10234375
4 0.7625 0.490625 0.046875 0.1125
4 0.41875 0.82890625 0.0640625 0.16640625
4 0.4640625 0.9609375 0.09765625 0.078125
4 0.546875 0.934375 0.015625 0.05390625
4 0.53671875 0.85703125 0.03515625 0.0609375
4 0.35234375 0.665625 0.03359375 0.05234375
4 0.58359375 0.8640625 0.03203125 0.05546875
2 0.20390625 0.25859375 0.05546875 0.1703125
2 0.29765625 0.4125 0.11796875 0.16640625
2 0.3921875 0.36640625 0.06484375 0.11640625
2 0.59375 0.64765625 0.14921875 0.29296875
2 0.39765625 0.6625 0.04921875 0.1578125
2 0.71328125 0.91953125 0.0765625 0.1609375