2 0.5 0.51796875 1 0.94765625
3 0.36328125 0.515625 0.1265625 0.08203125
3 0.709375 0.7671875 0.26953125 0.28984375
3 0.9078125 0.9421875 0.121875 0.10390625
4 0.2 0.18359375 0.28828125 0.246875
4 0.045817449999999996 0.34090909062499997 0.0019309296875 0.34090909062499997 0.0019309296875 0.38778409062499997 0.045817449999999996 0.38778409062499997 0.045817449999999996 0.34090909062499997
4 0.0265625 0.51953125 0.03828125 0.02578125
2 0.18359375 0.6609375 0.15625 0.10390625
2 0.42890625 0.76875 0.290625 0.184375
4 0.90078125 0.45390625 0.1984375 0.1703125
1 0.80078125 0.578125 0.109375 0.08203125
2 0.609375 0.27890625 0.37890625 0.22890625