4 0.27421875 0.1546875 0.23828125 0.08515625
4 0.39609375 0.3203125 0.08359375 0.234375
4 0.2453125 0.3859375 0.2140625 0.08984375
4 0.1390625 0.24375 0.071875 0.1890625
4 0.6375 0.10546875 0.14375 0.2109375
4 0.69140625 0.30625 0.12578125 0.175
4 0.584375 0.434375 0.26640625 0.2953125
4 0.83046875 0.41796875 0.1375 0.24453125
4 0.1484375 0.8375 0.2953125 0.325
4 0.66953125 0.7328125 0.0453125 0.059375
4 0.76328125 0.759375 0.0703125 0.02734375
4 0.69765625 0.83828125 0.03359375 0.1421875
4 0.7578125 0.89765625 0.06796875 0.034375
4 0.79453125 0.8328125 0.02265625 0.09765625