4 0.41875 0.37890625 0.39296875 0.31640625
4 0.3359375 0.59296875 0.24375 0.05234375
4 0.39453125 0.725 0.08671875 0.19765625
4 0.25546875 0.86328125 0.228125 0.075
4 0.165625 0.70390625 0.0921875 0.23125
4 0.8625 0.85234375 0.275 0.2953125
4 0.1125 0.36328125 0.2125 0.15234375
4 0.4484375 0.16484375 0.20859375 0.11640625
4 0.8265625 0.30546875 0.1375 0.02265625
4 0.72734375 0.33828125 0.09375 0.0484375
4 0.81953125 0.2046875 0.1203125 0.01953125
4 0.8984375 0.2625 0.04375 0.07421875
4 0.7578125 0.25 0.0296875 0.08515625
4 0.9578125 0.5265625 0.07890625 0.06953125