4 0.65625 0.4921875 0.07109375 0.04375
4 0.62890625 0.31640625 0.0296875 0.02265625
4 0.6921875 0.31171875 0.03359375 0.02109375
4 0.71171875 0.36171875 0.01640625 0.02109375
4 0.759375 0.4140625 0.0265625 0.0296875
4 0.490625 0.23125 0.03359375 0.0171875
4 0.546875 0.24609375 0.03125 0.02734375
4 0.17265625 0.32421875 0.03671875 0.0171875
4 0.15546875 0.3578125 0.03125 0.01953125
4 0.09375 0.3734375 0.0265625 0.0140625
4 0.1421875 0.42578125 0.025 0.01171875
4 0.27578125 0.5375 0.02265625 0.0125
4 0.203125 0.5453125 0.0296875 0.02265625
4 0.34609375 0.52421875 0.0328125 0.02265625
4 0.32734375 0.403125 0.025 0.0140625
4 0.215625 0.2265625 0.02421875 0.015625
4 0.28515625 0.2046875 0.02109375 0.0140625