1 0.64375 0.44140625 0.12734375 0.065625
1 0.74921875 0.48984375 0.07890625 0.2640625
1 0.6296875 0.7453125 0.125 0.20859375
1 0.5109375 0.69140625 0.11484375 0.13203125
1 0.22734375 0.43359375 0.03515625 0.05859375
1 0.321875 0.4359375 0.05234375 0.0453125
1 0.45390625 0.46953125 0.046875 0.046875
1 0.4375 0.52421875 0.05390625 0.0171875
1 0.30703125 0.38828125 0.03984375 0.0125
1 0.3671875 0.39453125 0.028125 0.01953125
1 0.2578125 0.384375 0.028125 0.04375
1 0.34375 0.753125 0.13125 0.49375
1 0.228125 0.53671875 0.0328125 0.028125