2 0.50078125 0.378125 0.9984375 0.75546875
4 0.3796875 0.16015625 0.08515625 0.07265625
4 0.503125 0.2046875 0.09609375 0.09921875
4 0.68359375 0.13984375 0.07890625 0.06640625
4 0.54921875 0.321875 0.075 0.0609375
4 0.653125 0.31640625 0.0296875 0.0328125
4 0.36875 0.4796875 0.72578125 0.171875
4 0.16953125 0.60703125 0.3296875 0.0609375
4 0.8125 0.53828125 0.06796875 0.034375
4 0.77421875 0.38359375 0.1046875 0.09921875
4 0.80234375 0.30078125 0.06328125 0.065625
4 0.253125 0.23671875 0.08515625 0.06953125
4 0.2046875 0.321875 0.08515625 0.08984375
4 0.403125 0.3125 0.103125 0.07109375
4 0.01953125 0.15 0.0390625 0.06953125
4 0.01171875 0.24609375 0.01953125 0.02578125
4 0.43046875 0.63359375 0.0484375 0.03125