2 0.5015625 0.50078125 0.996875 0.9984375
4 0.02890625 0.8171875 0.0421875 0.02421875
4 0.090625 0.90859375 0.02421875 0.015625
4 0.43203125 0.75546875 0.03359375 0.01953125
4 0.3671875 0.81015625 0.0265625 0.0296875
4 0.32578125 0.74765625 0.0484375 0.0296875
4 0.36953125 0.615625 0.0625 0.03515625
4 0.6015625 0.6125 0.0296875 0.0171875
4 0.74609375 0.68046875 0.0390625 0.0171875
4 0.78203125 0.5953125 0.0578125 0.07109375
4 0.86484375 0.59765625 0.05234375 0.05
4 0.89921875 0.6515625 0.01640625 0.015625
4 0.89453125 0.7203125 0.01796875 0.0140625
4 0.9875 0.86953125 0.025 0.0546875
4 0.62578125 0.79453125 0.040625 0.02109375
4 0.57890625 0.75078125 0.0265625 0.02734375
4 0.6140625 0.73203125 0.01953125 0.0125
4 0.6953125 0.75625 0.0265625 0.02109375
4 0.684375 0.8328125 0.01796875 0.02109375
4 0.71328125 0.840625 0.01171875 0.0140625
4 0.5859375 0.8296875 0.05390625 0.02265625
4 0.49140625 0.82734375 0.0296875 0.02421875
4 0.40703125 0.36328125 0.04375 0.0140625
4 0.36640625 0.31484375 0.015625 0.0328125
4 0.42734375 0.2296875 0.0265625 0.02421875
4 0.43671875 0.15234375 0.0171875 0.01875
4 0.34765625 0.1390625 0.0265625 0.02265625
4 0.53125 0.2359375 0.0296875 0.01953125
4 0.5859375 0.2890625 0.02265625 0.0125
4 0.70078125 0.22578125 0.01640625 0.0171875
4 0.7421875 0.25390625 0.02578125 0.01875
4 0.9078125 0.290625 0.06484375 0.0328125
4 0.05234375 0.1515625 0.0265625 0.02109375
4 0.02421875 0.01640625 0.028125 0.01875
4 0.14453125 0.28515625 0.04921875 0.0140625
4 0.1609375 0.3171875 0.00859375 0.02109375
4 0.07890625 0.2734375 0.02578125 0.01015625
4 0.07890625 0.36328125 0.0140625 0.01015625
4 0.065625 0.3984375 0.0140625 0.0125