4 0.9125 0.09375 0.04765625 0.03671875
4 0.97265625 0.18359375 0.05234375 0.0296875
4 0.01875 0.13125 0.028125 0.03828125
4 0.103125 0.7125 0.06640625 0.03828125
4 0.26171875 0.7484375 0.02265625 0.02578125
4 0.30234375 0.76953125 0.0125 0.015625
4 0.4125 0.71796875 0.03671875 0.01875
4 0.46953125 0.76328125 0.03828125 0.02109375
4 0.56796875 0.76796875 0.0296875 0.01875
4 0.5625 0.846875 0.025 0.028125
4 0.659375 0.859375 0.028125 0.0140625
4 0.5953125 0.64296875 0.01953125 0.01875
4 0.6359375 0.6890625 0.02109375 0.01953125
4 0.64140625 0.39375 0.06953125 0.04296875
4 0.696875 0.25234375 0.0609375 0.02109375
4 0.6390625 0.1921875 0.0609375 0.02734375
4 0.56640625 0.24375 0.03515625 0.02109375
4 0.5171875 0.1734375 0.05078125 0.03125
4 0.37734375 0.196875 0.0578125 0.0328125
4 0.31484375 0.24765625 0.03515625 0.0328125
4 0.43046875 0.24375 0.0421875 0.01875
4 0.39765625 0.2640625 0.01796875 0.03125
4 0.40859375 0.39375 0.04375 0.02265625
4 0.26015625 0.32265625 0.028125 0.02578125
4 0.11484375 0.2859375 0.04375 0.02109375
4 0.1203125 0.40390625 0.02109375 0.02421875
4 0.15625 0.39140625 0.0125 0.02109375
4 0.21875 0.38671875 0.01796875 0.00703125
4 0.23515625 0.409375 0.025 0.0171875
4 0.19921875 0.42421875 0.01953125 0.02734375
2 0.503125 0.484375 0.99375 0.96875