3 0.3453125 0.0390625 0.02265625 0.04140625
3 0.4421875 0.125 0.03125 0.02578125
3 0.51640625 0.17734375 0.015625 0.02578125
3 0.51015625 0.234375 0.02265625 0.02265625
3 0.43671875 0.315625 0.03125 0.028125
3 0.32421875 0.10390625 0.0109375 0.00546875
3 0.77421875 0.12890625 0.01953125 0.01171875
3 0.7578125 0.15703125 0.02109375 0.0125
3 0.51015625 0.48203125 0.02265625 0.01875
3 0.571875 0.46171875 0.0265625 0.0140625
3 0.58203125 0.53515625 0.01796875 0.03515625
3 0.60625 0.58125 0.02109375 0.02265625
3 0.4859375 0.55859375 0.028125 0.01875
3 0.53515625 0.59765625 0.009375 0.0140625
3 0.5125 0.6140625 0.02109375 0.02109375
3 0.66015625 0.8171875 0.02421875 0.0296875
3 0.71328125 0.86640625 0.025 0.02578125