0 0.68671875 0.43046875 0.0140625 0.0484375
0 0.95703125 0.34375 0.04375 0.02578125
0 0.87578125 0.44140625 0.0265625 0.01953125
0 0.765625 0.50859375 0.028125 0.01953125
0 0.8203125 0.5203125 0.02265625 0.02109375
0 0.8421875 0.76015625 0.0234375 0.02265625
0 0.87265625 0.7734375 0.0078125 0.01875
0 0.51953125 0.50859375 0.01796875 0.02265625
0 0.44296875 0.484375 0.015625 0.01171875
0 0.4375 0.42265625 0.0125 0.02109375
0 0.384375 0.5015625 0.015625 0.0171875
0 0.4046875 0.53515625 0.01796875 0.00859375
0 0.46171875 0.58046875 0.03671875 0.02109375
0 0.54375 0.56875 0.01796875 0.0125
0 0.55546875 0.68046875 0.01640625 0.0140625
0 0.4203125 0.603125 0.0125 0.02421875
0 0.35078125 0.53828125 0.01796875 0.0171875
0 0.18046875 0.65859375 0.02421875 0.02421875
0 0.134375 0.71484375 0.0296875 0.02578125