2 0.05234375 0.40703125 0.1046875 0.1671875
2 0.765625 0.6015625 0.04140625 0.13671875
2 0.2859375 0.7671875 0.01796875 0.1078125
2 0.21484375 0.62421875 0.03671875 0.10859375
2 0.403125 0.596875 0.02109375 0.1140625
2 0.71328125 0.26796875 0.06953125 0.2046875
2 0.61953125 0.2546875 0.0578125 0.14140625
2 0.55390625 0.29609375 0.05234375 0.12734375
2 0.378125 0.3703125 0.128125 0.2765625
2 0.14921875 0.37734375 0.028125 0.1640625
2 0.18828125 0.43125 0.06640625 0.21171875
2 0.28828125 0.39296875 0.04140625 0.11953125
2 0.31328125 0.5640625 0.046875 0.109375