2 0.42578125 0.0140625 0.04375 0.028125
2 0.47109375 0.08515625 0.0453125 0.04921875
2 0.3078125 0.9515625 0.05703125 0.0359375
2 0.54140625 0.88828125 0.0546875 0.07734375
2 0.18046875 0.01953125 0.02109375 0.03828125
2 0.534375 0.3015625 0.021875 0.08671875
2 0.54453125 0.59765625 0.02265625 0.09921875
0 0.01953125 0.8 0.0375 0.21015625
2 0.86015625 0.11640625 0.27890625 0.2328125
2 0.47578125 0.378125 0.05234375 0.06328125
2 0.50390625 0.50859375 0.10078125 0.06953125
2 0.00703125 0.58671875 0.0140625 0.1109375
2 0.5125 0.9859375 0.11796875 0.02734375
2 0.76484375 0.828125 0.06484375 0.12421875
2 0.56328125 0.0078125 0.090625 0.01484375
2 0.425 0.1375 0.046875 0.05625
2 0.471875 0.196875 0.05 0.06328125
2 0.890625 0.95234375 0.0640625 0.04765625
2 0.94765625 0.81484375 0.10390625 0.16640625
2 0.9921875 0.63984375 0.01484375 0.03984375
2 0.0390625 0.77734375 0.0296875 0.0296875
2 0.95546875 0.28671875 0.0890625 0.0953125